0
1
2
3
4
5
6
13
14
20
23
26
31
33
35
36
37
47
48
50
51
53
63
64
65
66
69
70
71
72
74
77
78
82
84
86
94
95
96
109
121
127
148
150
152
164
180
227
307
308
310
314
315
316
319
320
330
332
334
341
351
355
356
357
365
372
373
374
375
379
380
383
389
403
411
412
418
420
423
425
427
428
431
432
433
435
436
437
438
439
442
443
444
445
446
447
449
450
451
455
456
457
458
461
462
463
464
467
468
469
471
473
474
475
478
479
480
481
484
485
486
487
488
489
491
494
495
503
507
508
510
512
513
522
524
525
526
528
532
533
535
537
538
539
542
547
553
570
572
574
575
577
582
592
594
598
599
601
602
603
604
605
614
615
616
619
620
623
627
628
629
631
634
635
636
640
641
646
647
650
653
654
655
656
658
659
666
667
669
678
685
689
691
703
705
710
717
720
722
726
737
738
739
740
741
742
743
744
745
746
747
749
751
753
764
767
771
772
773
775
780
782
783
785
790
795
797
801
805
806
807
809
811
814
817
818
819
820
821
822
823
826
830
831
832
834
835
840
842
843
844
846
847
848
850
861
865
868
869
872
877
879
882
883
887
890
891
894
896
897
898
901
908
909
910
912
913
914
917
918
919
920
922
923
924
926
928
929
930
932
938
941
942
946
949
950
953
954
957
959
961
965
968
969
970
971
972
973
974
978
979
980
982
985
986
989
990
992
996
997
